01010001101100010000111001100010
00011100000011111001101000001001
01110000110001011011011101111100
01110101010001100110110110100010
01111110111000101100001110100110
01101001001000000111111001000110
01110110001111000100100100111101
00101101010010001000011100111101
00100110000000011001100001010110
01010001111110111000111101111001
01001000101010101101011101000011
01111110101111011100111110001111
00001100011010000101101000011000
01100010111010010101100010101011
00001111011001000001001101001110
01100010100011110100111111001111
01111011000001001011001000001010
00001001001111011001100111100111
01001101000110000010100110001101
01001011000111101011000101111001
01001100101110100000010011100010
00010110101101101001101110100101
00000011101111011000100110111011
01001100001000100111100101101100
01010001100111101110100001000011
00100100001100111100010011010010
00010101110000100010001001011001
00101001000100100010110010011110
01001000100010111110101000000110
00100001001101011110010001100111
00001110011011010010111100101100
01010111010101101101101100010010
01011011111101110010011101001010
01001011110011110111110001001100
01111000101000010010100001100000
01100101011110101011110000101000
01001111110100000011010110101010
00111001110111110111101110100000
00010111101110001111001010100111
01001011001111100010100010111001
01110110110010100111100001010000
00101000101110011000000111110010
00010100111000111010110010110101
00101010001110101000111101100111
01100110101010011101111101101011
00101000111110100111110111011111
00100001011001110111010101101111
01000011011000100100100111101010
01001101111011111100011010011111
00010101011010011110010001000110
01111110111000010100001110111110
00110111101100001011000001011010
00111010010001101000101111001011
01110001100000111111001000000100
00010011000110011101011001100110
00000001011001000000111101100100
00110110011000111000010111011100
00100010010110011100000011100101
00000110011101100010010100100011
00100100100010011010101010101011
01001001111110010000101000010110
01100010010000010101001011111101
01001011100001101001011101011110
01110111000010100101111010100110
01010010010001011101000110001100
00111100111101100011000000011000
01100010000100010001111000100000
01000111001100100000110011001010
00100100011001011100100110010111
01010110101100011011110110000110
01110101110011110000101001110000
00100100000010110010111000100010
01000101100110011010110011100011
01000100100111111010101000110100
01011010001100110001010011100110
01100100110010010111111100100000
00000000110110001111101010110011
00000011000100100111110101001111
01101011010111111110110110000000
00111101001101111110001110110000
00111000001001000011110100011101
00001011000001001000100111000000
01110010100101000010111011110100
01001101110001111011111001101111
00011011111110000101001111001100
01000010101100011011101101010010
00001111011000010110011001101100
00101110011011010100101110001111
01011011010100100001101001111010
00001111100001111010100100100010
00110100101010000110110001010100
01011011110010100000111000110001
00110101101110110110000101000010
00101100000010010010111101100100
01111000001001110110101100100001
01110101111000000100000001010100
01011110010001011101000001001100
00010010111111010111010000111010
00100010001000011010011111011010
01101100000011011001111101100011
01011110111011111101100110001001
01001101010111011000000010010110
00011010011000110000000100000000
00000011110111010101011011000110
00100001011101101010011111111110
00011100111011111100101110110011
00011101110010111100000111101011
01101010110011110101100111010010
00100010110101010010011001111001
00101011010000001001010010011001
01101101000110100111111100110101
01111101011111001111111001000110
01101100000110001010000111000000
00101000001101010101000011111101
00100100100111010101010011011000
00101111111101101111111000100110
01011101110001010110100100011001
01000100011001010001000010110010
01110011101000001001100001111011
00001111011111000110111100011100
00001010010011001001110100001011
01011101110110010001110111010111
01010111001011010000000111110111
01010100111000001101011111101111
01101001000101111001101100111111
01100000111010011001001101110100
01011100011110111110010011000100
00110110110011011011000010100010
00011011010000110000110100110000
01100010101001000111010100001100
00111011001011000110000101111001
01001011100000010010011010110111
01010111010001111011101001011000
01011000101110101000000011101111
01101011000010101110011111000010
00000000110001010000100000111100
01100110010000000000110101000010
01111000010111001110010101110110
00011100000010100100100111100001
00101010111111010011011011001111
01001011111100001111011111000100
01000110000110111001100101111010
00101011101110110010010001111010
00110001010101000001101000100001
01001111001110110010000011010110
00111110111100011011101100110010
01011100000110010010000000000001
00010011111001001100110010011101
00011011001010000000010100101100
00111010011111110001011101101000
01010011010101101010011100111000
01100000010101110111101001001001
01100011110001110010001001001001
01001010011100101010010010001111
01110100111111110111100010110010
00010000001100011011001100000111
00011000000110100101001100001000
01000010011110111010001100000011
00011001111110111011101111001101
00101111111100011000100101100011
01000010010101111000010001010000
00100000100000000001001111100000
00010111101110001010000010010001
00101111111010100100101010010000
01011101011110010110011110100000
00111010001101001111101000100111
00000001101010111111010110011111
00010111010110110111011001111011
01110011011101101010111001100111
01110010001011100110001001011000
00010000011000111000001110111100
01011100111100010000010011110110
00111010001001001111110101000111
01001100100000110110001000000101
00101001000111010101100001101000
01010111100110110001000101101001
01110010111000011101100010101000
00111100000011011011111111000101
01010110101101101001101010101110
01001001100101100001110010000110
01110001001100001111101110011101
00000000110000000011100011111000
00011111001000010110110010111110
01000010001101010011100001101001
01001100000111011001101001011111
00100101101011011011110001011011
01101000101001110111101010110011
00001001100000101110010101100100
01001011010110111100100000001100
01100100010010001001001100110001
00101000000011001110101101110000
01101011101010000111111000011100
01010110110011110101011011110111
00111011101101000101101000111000
01011001011100110111100000100000
01110110111010110110100010000011
01011011010111010100101100001100
01111100000000001101000001110001
00101101011111010111000000100100
01000111000000111110111000010000
01010111000100000000001111110000
00011100111000000010110000101001
00000000011101110010110111010101
00011111100111011100111000010110
01011001011001001000111111010010
01110100111100110010010010011001
01010110110111010001010111011000
00001001111100000000111010110101
01011010100111011101000110111010
01001011101011101101011110001001
00111100110001001100010000100011
01101000001110010011010011101001
01100000000111111110011101110010
00110110110000010100111101011101
01110011110000000100001000101110
00110000111101100001100010110001
00110010011001101111100011101010
00101010101000001110110111100111
00101101011001010001111110101010
01001001010100101010101000000111
01000101101101000001000101011101
00001000000000101101101100100110
00101001001000010010111101000100
01000000001010011001001010001001
00001111100010001010000000001001
01100010101100011000110001111011
01110111111001111100000001010101
01010101100010101000010001101010
00010100100110011110000000010001
01001010000000101111001011011100
01101111111001110000000101010001
00111101111010001100101010111111
01100101100000111101110011100011
00111111000010110001110001111010
00110110000111011100111101111101
01001100001110010100000111100101
01001001110110100001101111100001
00011001111011111101100010011110
01110001000001100111111010010110
00101111100110011100100101100011
01111011011111101100111110001100
01110111100111111111111111010110
00101100100011110100110100000111
01001100100101001010100100111111
00010101010111000110010011101111
01110000001110001001011000000010
01100000000110101111011000100010
00010111100010110110110001100111
01100010001011101011011011001111
01010100001011101110111001111001
00110110001110110010110100111111
01011001001011001010101100101110
01011101110110111101011001010000
01100100100010010101100101011010
00101000011001101001101011111000
00010100001111110100001110010110
00011010110010011110001001110100
01001010011100110101110110100111
00110110000100010010001110010101
01111011010100011110010000111110
00011101101010100100001000100010
01110010101010110010111001101111
01111000001100000011100010101101
01111000000000101010100010000100
01101000011001000111010011100111
00000000100111101100111000111011
01011010101010111100011111011000
00001111100110011010100110010111
00000010100111001011100000101101
01000010000110101101010100101111
00101111011010110111100110010001
00101011010111110000111010101010
00100100010000011000010110111111
00111010100011000000100110110111
00000011110000010000100011100111
01110001011100101011000100110011
01101000101100110000010101001001
00001001100011011001101100011011
01101110100001110010000011111111
00110000110101101100111111000000
00011100010101100100011101101110
01100101001011101001101001011111
00100000101111010111110101110100
01110101100111110011100101000000
00101110000100100110010111001001
00101010111010111111100000101000
01001010101010000101100111100100
00100011000111001110001111010001
01010110000110100010010001001001
00111101000001000001110001010000
00100001111110001101110000111011
00000011101010101100001111010011
01110011101010101000110011001001
01011011000111101001000010011011
01110101000111110110110111011100
00000100101111100000110001000110
01101011000100001101110000101000
00000111111110111000001110000010
00010001111111000010011001011100
01111000100110100111010010001101
00100010111110011111011101101001
00110011100001010011101100001101
00011011101000010001000011101101
00000101000001001110111010111100
00101101101011010011111110110110
00000010000001010100001101000000
01111000001110110100101011011101
01111100111100011100101100100000
00101100111111001000111111010101
00001001100011011000100001000000
00011000110100110010100011011010
00000011111101110000110111110010
00001001011101010000101000101101
01001011101001100100101100110110
00001110101111011101110000011011
00101101100011111010010110010000
00101001110101001111010111101000
01111111011100000110010001110000
00101011111000110110000010011110
01111010100100000011000111000110
00100100111010111100101011010110
00000110111110101001100110110110
01110000010001111010011010000110
00001111101101111010010110100111
00101110011110000100101101010110
01010111000100001010000100001001
01011011101010100111100011001100
00011001011100000011111111001110
01111011011010111011000000101100
00000001010011010010000010110110
00001111001011010000010110000001
01001011011001010011101000011100
01011110011011011101101011101000
00111001110011100110001101110111
00101011111010011010111001011011
00100101001011110010011010000100
00011110000000001111000001001000
00001100101111001110111101010101
01000000011011011111101101010101
00011010100000000000001100001101
00101001101110101001111100100011
01000100100110110010111101010010
01111011000111001100111010111111
00011111010110010010000100010111
01001010010101011000000110110011
01000111100100001110001111000110
00000100000100110010100111000100
01100010011000010111101011110110
00111011010010111010010001101010
01010101101000111001010011000101
00001011101100110100011101100011
00110100110110010001011110001001
00111011111010000011110111100011
00011011010101001000100101110010
00111111010100011111011111101011
00111011011111011000100001010100
00101000010111011101101111010100
01011110100010111011010110100000
01110111000101111111110001010110
01011110110101011011101011110111
01001100110100000010001110000110
01111010100000010100011011101000
01100000110111000100110011100011
01011001100010110001100011011000
01011011001110011110001000100110
01000001011100111000111010011101
00110101111000101111010111111110
01011011110100110101100101010101
01101101010101010110001111001100
01100111001100010110100110110011
01100100001110100110101011101100
00000111001110000100110001110001
01101010100111110001011101000101
01110110010111101011010011011010
00110100110010110011110011101001
01100000111000001111011111100111
00011001001100110111011110110100
01111000000110110000100001110110
00110111101101000001100000111100
01001001110101011011010100010001
00101100110100001110010001011111
01010110010011110011110000110100
00000010000111110111001100110001
00110111001010011000111100010001
00000011111110101101010011001000
00010111101001100001000010010111
00110011101110111000111011010010
01111001001010110100100011001111
01000011000010000001100100100001
00010101111100000000011111000111
01011000010000101100111100110110
00100001001110111000000101110101
01010010010001110110010010010101
01011011000010001100010111110111
00101110111111110000111101100001
00000011011101111001010001100010
01110100111100111001000100100001
00000000011011111101101110000000
00010001110101011101100001010001
00101011001001000011110111110001
01100100110101111101010000110001
00110010110100010111100111110100
01110011100111001110110111000000
01000011100001000100111100001110
00011001101111000110011000101010
00000110010100101001001000011001
01111010100011000111101000100111
01100100111100011111000001100001
00001101111001110100110011011111
00111110100001011100000001010000
01000100010110101010101110111011
00100111000110100010100111000111
00000100110000110010001101011000
01100110110001011011010110011101
01111111100101011010110110111001
01111000110100001100100111010110
01111110101100011000010111111100
00000001111101100001101110000101
01101111101100011000011111001010
00110101001000110010100101110011
01110111011001011111100101110110
00110110110110011111111001010000
00011111101010110011010111001100
00000110101101000100101001011001
00111110001000000101100111010011
00111010001010101100100001010111
01101110100100100110100111110110
01001011001011110011101000111111
00001110100100000101001110001011
00011001110110111000110001000011
01001000100101011000100011110001
00110101011000111111001000010101
00101100101010110101000110011001
00001101000010000101010101001010
01110110001111011100000101000011
00000001101010000000001110110101
00001110100001110110010000110010
00011010100000111100101111111011
00001011101101110011010101001000
01101111011011001010011100101100
00010001010010100000101001001111
01011001101011110110001101011001
01110101000100111100100000111110
00000110000001100001101001001110
01101101000000111111100111001001
01101111111101000100100001000100
01010110101101001111110000110001
00100010101101000100001011111100
01101110110010101111000101000100
01111111100000111010110110111110
00011011011110011000110101001000
01101010001101001000001101001100
00110011110011001100111100100111
01011101000011001110100110011001
00110010011101010111001101011101
00100000101010001000100111010110
01000110101010101101110110101010
00001010111011000001010101110011
01111110011010100000000010101110
01101001111110010101010111001010
00001011000001101110101011011001
00011110111110101000111110100100
00011110001000001111001000101101
00100001100110111000011011001000
01001110011011101011111000110111
01011010100101011010110110111100
01001001001000110101000000010111
01111111110000111110111101011111
00001111001010100001000100011111
01100110000101101001000111001011
01111000111101100110100101101010
00001111111001011000010111111101
00100010001001000111010101001010
01110011110100000000111010010010
01111000101000110100000001111010
01110100000010111000100110000000
00110111001110100010101000101001
00110011101101000010100001111011
00000111111110010110011111101100
01101010100110000000111001001001
00001001110100111111110101111010
01011010101101000100110001010000
01101101011011110111001101101001
01110110101100111110101011111111
01001101111100100111100001100101
01101100000100100001110100000101
01001100101001110111110111111111
00101101100010100101011001000010
01011001010001010001101010011111
01001101001000101001110001000011
00111000000111100011001010101100
01011111111100110000011111111100
00111101100110000001001011000000
00000011110110001101010001110011
01100101111110101001001110101011
00010110000101100001110000101101
01000011100110110111111111100100
01000101110111011110001101001110
00010011000101101110000010100101
00100000011010110100100110000101
00010000100111011101111001101010
01011111101101101111101101101010
01011010111101011010001111100010
01110110001100001000111110011101
00101000011110110000111001000010
01001011001100100001010110010001
00111110000101001011000110000111
00000110001000100101000111100000
00010001000010011100111011010111
00110111101110110110110001100101
01100110111010011010110100000000
01010110110110110110101110000111
01001110101001001100010011000010
01000010010000011010101100001011
01000101111110111111100111000111
00010011101110001110100111001111
01000011100000000010000100011111
01110110001111011100100011101100
00111011100101011000011001111111
01101001000011011001000000110010
01101010001101110001010111010010
01111010011110101010100001110110
01101010011010000111100111101111
01101001001000100001111100111000
00101110110011000010000011000000
00100000001111101001011011011000
01010111001111101001011111001000
01011010011110011101001010100001
01010100001010101000011110000101
00101000100100010110000010000111
00011010011001010100000110010100
01101101100010101110100001110000
00001110001111111011100101101111
01100101010010001000010100010110
00110001011010000011010011000100
00100100100111011001001110001011
00101011111001001010110011101110
01010101011001101111111111010011
01001101110001111101110000010000
00100010011010110110010101100110
00100011111110111111000011100011
01111010011100000010111101110000
00100101010101101011011011010100
00011101000010011110001011011110
01100001000001110101010101010110
01000101110010100000101110100010
01011010101011110101111110010000
01100000010101110000110101000010
01100010011111011111000101010001
01101100100100000101111101010011
00010010101100100001101110011000
01110101100100001000100001110110
01101011111101011100001101000110
01110011001010010110010010001001
01000011001100110011010111100111
00011110110101100111010111110100
01000000010011001111101011001110
00010000111000101111111011000101
00101001111101100011000110110111
00011100100001100010111001100011
01101011111100100001001110000000
00011010011000000111111001100111
00101100010111110010000110010101
01000110111000110101001110101011
01000111000000100100111001011101
00011010001100000011101111010011
00100101000011011011011110100010
01011101010000100011110010111000
01001100100110101011101101011110
01100101101001100001100110111101
00110010101100000100001100100000
00011110100011000110010101001110
00010000011100101110101101111010
01110110011101111111001000101111
01000110110101010010011110010110
00011000101101010101001100111000
01100101101111100100000010011011
01101101011000101010110011111010
01000110001001111110010111100101
01000100101001100110110010011101
01111110101111101001101111000010
00000101010011101101101000011110
01001110000001000101100101001000
00100101100001100100011100000101
01101000011000101001101010100111
00101000110110000001101111011100
01101101100100001100011100010101
00101000100001100011100011110010
01101000001011111100010111111111
01111000111010011100110011100110
00100110101111101111101111100111
01010011011001111010010010101100
00000101110110111111000110001001
01010001011110000000100001111111
00111001001100100100011010010101
00111011001111101111000010000000
01110101110011111110110111010100
00101011100100110110111101111110
00111111011000101110000011011111
00110111111010011011100101111010
01101100000010111011001001101111
00011010010110010001111001000111
01000011001100101101100011110000
00011100010000100000001111011110
00110111101100010001111101111100
00000001101101111101111111010001
01100000001000101001100011001101
01001111011011110111010010000110
00000010000011001111100011101100
01101011000100010011111011011011
00000111100001110010111001100011
01000101001111010001000100111111
00100000101111100011111010100010
01001000000110111010110001000111
00111001001101001010110000010011
00010110100001101100100001111000
00000000011101001101011011111110
01011000111000100000001110111001
00011100101010011000000001110010
01000010100001110111100100100010
01100010010100010101100101000101
01010100010110011111010101001100
01010100111100011001010100000000
00110010101000100101111100010010
00001001001000111100010111110110
00101010010010100100000101110000
01000011111011100111001101011011
01001001011101101000110101010010
00101111001011101001110011101011
00001110101101000100111010010110
01011011000110001101010111011111
01001010001011001010010000000000
00100011110000111000011000011110
01011011111111100101101010101110
01101101101100001011100010000101
00111000011010110100011111011000
01011011100010110101011111111111
00011100101001111100000101101111
00000011100101101010101111010110
01110111101100010110000110100101
01000100010101101111000001001001
01110001100001111010101111111101
00000010010101100110100000101000
00010010111110011000110110101100
00011000111010101110101001000010
00110010111101001111101010110101
00111110111100101100011010110101
00010101001110111100011111010011
01001010010001010001101110111100
01011010101011011110110101111001
00100010111011010010011010100011
01010011000001101111011010000111
01001101011011111110100100010011
01100001110011100110101000111110
01100111011100000101110000001000
00110011010101001011100011000110
00111111110010001011011011111100
00111011010111101100110100000111
01110111000001001000011000010011
01101010001110101000010101010001
00100111010011011001000111110011
00001111000011100001110001001111
00101111111011100100100110011100
00100001001001000010010110101010
00011111000000100111100101110101
01110001101001011000110101101010
00110000000000100110001011100111
01001101110000000110010011110110
01010111001110111011001101101100
00111011011110101101001100111011
01001101111010100111100010001100
00100111011101101001001100000010
01100111100101011110110011110011
01011011100100101110101101111111
00101001011000101111001001010011
00011010111101110111100001100110
00100000100010000001010101001101
00011101111000101111011100111010
00100101010001110101100100001110
01001001101001100100010110011111
00011111000010000010101101000110
01111011010000101110011101001011
01110100110001011101010111001101
00000010010010001001101010100110
01010101011011100110110111000100
01101100000000011011100000001011
01100010000000000100010011011101
00111100000110001010100101110100
00000010111010100101111101110010
01111011001000011001000000011111
00110010000000100011011010101001
00011001110000100100001110111111
01010101100011111010000011001111
00110100111011001001010000000101
01011100100000010101011010111011
00010000100000001011100001010111
00101001101100011001101101101011
01110000011101101011000011111111
00010100000101010110010010101000
01111101111110000111111110111101
01010011111101111011000000111101
01101011111010010110101111000011
00001001001111001111010001010111
00101100010011001110000100011110
00010110000100100010010011010011
00011011011010011011110111000000
00100100101101000001110111101111
00001100010110100001101011000000
01111001011111101001010101011000
01000000100000001101110001001100
01001001000110011001000100111111
01101001010101011111011100111111
01111001001011110010110111001011
01100100110100010110001110011000
00100000010111101100001100110010
01111010010001011001010011001101
01000000011101001010111100100001
01111001010101101010100011101110
01111000001001111000001011111100
00101011110110101000001011111101
00011101000101101001101111100010
00111100001101111001011011010001
01101111110011101001100001101011
01111100111111111010000100100000
00011100000001000101110010111001
00111001011001000111010101110000
00000011001110100011011000101001
01010100000100000111000001011111
01110111110100011000111110110011
00000110011011000010000111101001
00001110111101111111100001111100
01001000000001000111001100111010
00101101011011011110101111100110
01001111011110011100001100100101
00100100111011101000010100111011
00010010100110100111001111110000
01010010101010010010010001011001
00101100100011010110111110100110
00100011010010100001000001101010
00111110100000110100011101111011
01100001000111101010001101101101
00111010110011011011101000000111
00110010000100000100110111100111
01001111100101011110000101001101
01101101111100011010001100001111
00000110010001000011011110010000
01110010110100100000001101101110
00010011011011000000010110011000
01010111100101000100111010101111
01100111110110111000111101101001
01000000111001100110010100100101
01000011101111011010110011001001
00111001111100011011010011111101
01011110110101101100111010101011
00000111110011111111000110100011
01111011101011011101001101000100
01010010111111010101010100011100
00111101101101111001110001000100
01001100010010101010011001000110
00010100100100001010110101000110
00011011010011101010111101000111
01000000100011110111011100001111
01000111001110100010001111111110
00010101110000010110010101111111
01010100011111101010111101001111
00010101110100010100001111011011
01010001001111101010111011001001
00000000111001001011011110001000
00101111000110111111100001101110
00100101011111000111110110111100
01010010011101111100110100110011
00111001111011011011101011011110
00001011110010101110100000011001
00011110011111001000011110110110
00010011011110000110011010000100
01001011000101001000100001010111
01001100100111111100100010011110
00111000011101100100000110101111
01000101001000010110011110011011
01100000101000101011100110110100
00011001001101010010101100100100
00111111101001110001100011011011
00010001110001000100000110011110
00111110100111110101111101011000
01110010101000111001010101101010
00101110000101101010110000010000
01001110001111000100000011111001
01111111110010111101000001110001
00001000100110100001000010000111
01101000001001100101110010010101
01010110011101100000010000011000
00001101001111001111101100101111
01111100110101010111100111100100
00110001111111100001100101001100
01100100001000111100100110000101
00010000010010011101110110001001
00110100100110111000011110100100
01000110100101111011110111111001
01011011101011110111111000100100
00111111100101001011110000001111
00100000111010110010010111001111
01000101101011101010000000001001
00100010100001000010001000000100
00111011110010111011101000001010
00101101000010110010111011001111
00100101001101000001010000011011
01011011001011000000011100001100
00110000111001110000101011011000
01001010000101101010010111010100
00001011110001101000111011010100
01010110100101101000001011100111
00001111010011110111001000100101
00011101110101111001101101001101
00111111101111110110111111000111
01111100111111010000100101110010
00001010010010001011110011100100
00101111101100101110110111111110
01011000110011000110011111100000
01101010001011011101111000100010
00110110110110110010010101100100
00000001110111110010011110101101
01000111101011011011101001001111
00110001101110011000001101001101
00000001011000110101110110000010
01001101101101000010010111111001
00100100010001101001001011010010
00100101010001000011010101001000
01011101100110000000000000101101
00010011000000100111100010100011
01011011101011011110111010000100
01101001011001100111101001010000
01000110110001110100110001001011
01111110001000101001000010100001
00000000000101111101101101001101
01000110010010111000100101011100
01001110101001011011001010111000
01010000100101011000000110101000
01101010001111001111101000001101
00100011000001011110000011110111
00101100111000010111000111101000
01110100011000010001001000011110
00111111001110000100101100001010
01101011110100001011010101100000
00101101010001100000000111001010
01100010101110000101001110111011
01101001001100101100110110010010
00011000111111110101111000011101
01101111111011100001101110111011
01110000011100001101001011001101
01010110110101100001000101011111
00000000101001011010001110010011
00101110000110101110001001000011
01010000000001011001001101101001
00110010110100111110001011100100
00100101101001111001010011100100
01101111100100101001111011100101
01111110111101111100111111011111
00011111010101001100101100010001
01111111000110110111101011111000
01110111110010111111001100010111
00000111111011111100101010111000
01000111110110101110011110010100
01111111010101101101011100010101
00111101110111110000100010000111
00010110110100111000010000101110
00101101000100000010000111000110
01111101111100001111100010111000
00101111010000101100111010010100
01111110010100110100010110101010
00000000100010101011110100101001
00111111010010000010100011000101
00011110001010000000011001110111
01101100001001001011011010111100
01001101000011010100110011110110
01110011100101001100100010101010
00000010111111100010000110000001
00111001101010010110000100100000
01111010001001001111101000100101
00100000001011101010111101000001
01110000010010101110010010111001
00010110100000010110010000110100
00010100110000110000001110001011
01100001111100100100000100111110
01001101100110001011000001101000
00100011011110010101100010101000
00111100110111101110111100110110
01010111111110100101101111000111
01101110100100111101101000011011
00110000100111101101100000000001
00000001011101010111011000000011
01000010100100111010010000011110
00111100000000110011010111110100
00011010110100010111010110000111
00110101010100100111001011010010
01001010111011001100001111011000
01110011011101001000011011001000
01111010100101011110111000101110
00010011111011110101010101000010
00010011011101010000001001010101
01001111001111110101101110001111
01010111000001110110101011000110
00111000010000000010110100001011
00000001111110101000100110111011
00000011110011000111001101000011
00100111011110011110110000110110
00100101111101010101111111101011
00000001100010010110011111100011
00101000011011001100001111111010
01000100101001010001111111011111
00001111101111111100011001110001
01111010010110110011010110101001
01101001100111000001100011111110
00110101010001010110001111010010
00010101001001110111001110101001
00010001011100111001110111010010
00010001100101001100101101011100
01011101001101011000110010110100
00110111001100001110100101101000
01011100011010001001111000000001
00100000010011000101111001001100
00101100000011001111011110000111
00001111111111101111000101010001
01110010101100101111111101001110
01000100101001001001101100100101
00100100111001010011111010101001
01101000101001101100101001000010
00010100000100011001011011111110
00011000000110101101111011001000
01101100100010011101000100011111
01100000000000010010000010010001
01011100011001000101000100011011
00001001101111000111000101101000
00011001110010111011000010111001
01000011000010110001001101110010
00000110000001011101110000010000
01100111100111000011000001011101
00010001101110001001001000101101
00101000010101011111000000110010
01001000111000111101010011101011
00101110101101001100101100000111
00110111110101101100101011101000
01111000101100000011100010111101
01100011111101000101110101010010
01100111010011000011110100011000
00101001111001110101100001100010
00011111011010001010001010100100
00000100010110101001100010011000
00011010110001111100100010110011
00111101110011000100010000001100
00011000000000010000000010001111
00011000011011111010101000101010
00111111011100000110111110111001
01101100011111100001100000100101
00111001011111000000001110111000
01010110010011101110111001101001
01111111000001101010011111011111
00110010110111001100101001100110
00001111111010110100001000101011
00100001001010111001110001110111
00101000101010100001100111110111
00100101101010010110000100001100
01101101000110101011000001100001
00100101111010000001100001100110
01111100100000011101110110010001
01001110010100010011010000101011
00101010100000101100111010000000
01011110110111001100011011001000
00000111111101001011101111000100
01110011000111100001100111100010
00100001100111110011110101000011
01010011001010000000110111010110
00001111100111110000000011001000
00110011111111001000000001001001
01001110101110111100110001110011
01000111111001110000100110100000
01001101101001110000011100001111
00011100010111010010111010111011
00010100101101000100001011101111
00111001101001000110100101001111
00110010101111111011111000101111
01000100000111010010001100011100
01000110101111001111010111110110
00001001010100100011001101011110
00001100111100111011011010000101
01110001101101110001101111000100
00000001110011110110101100001101
00010000000111011010111100011100
01110000010111101101111101010011
01101010000000100010100000101000
00110111101000000100100110110000
01010010010100111101000110101111
01000011101010100000101000110010
01010001101010100100111010111110
01100100001001100001100001111010
01100010111011111001110101010000
01100110010011100001010001001010
00011101011010110110010101111110
00111110101011010010100000001000
01001101111101011100110001010011
01111101110101011011001101100010
01101001011011001100110101001010
00111111111110111000001101101111
01110101111011001111011011011111
00100011000100111000010010001100
01101101011111101010100011111110
01111100001101111011110010000101
01001011010010001000010011100011
00010011010111001000111100100101
01010101001010000100011001100100
00011011000101000010011010010000
01100001111111011111100100000110
00110000101100111001001110111010
01011001101100000100111010000000
01011100010011100001101011110011
00000000101111001101010111010001
01110001111000011000110001011111
00011001010101101001111110010111
00110000100111011111100101101101
01110101011001001100000110100110
00101111010010101110110101001101
00110000011101111111100010000111
01001110100100010111010100011011
00011010111100001111000001111111
00111011011011101100100001111111
01010001101100010000111001100010
00011100000011111001101000001001
01110000110001011011011101111100
01110101010001100110110110100010
01111110111000101100001110100110
01101001001000000111111001000110
01110110001111000100100100111101
00101101010010001000011100111101
00100110000000011001100001010110
01010001111110111000111101111001
01001000101010101101011101000011
01111110101111011100111110001111
00001100011010000101101000011000
01100010111010010101100010101011
00001111011001000001001101001110
01100010100011110100111111001111
01111011000001001011001000001010
00001001001111011001100111100111
01001101000110000010100110001101
01001011000111101011000101111001
01001100101110100000010011100010
00010110101101101001101110100101
00000011101111011000100110111011
01001100001000100111100101101100
01010001100111101110100001000011
00100100001100111100010011010010
00010101110000100010001001011001
00101001000100100010110010011110
01001000100010111110101000000110
00100001001101011110010001100111
00001110011011010010111100101100
01010111010101101101101100010010
01011011111101110010011101001010
01001011110011110111110001001100
01111000101000010010100001100000
01100101011110101011110000101000
01001111110100000011010110101010
00111001110111110111101110100000
00010111101110001111001010100111
01001011001111100010100010111001
01110110110010100111100001010000
00101000101110011000000111110010
00010100111000111010110010110101
00101010001110101000111101100111
01100110101010011101111101101011
00101000111110100111110111011111
00100001011001110111010101101111
01000011011000100100100111101010
01001101111011111100011010011111
00010101011010011110010001000110
01111110111000010100001110111110
00110111101100001011000001011010
00111010010001101000101111001011
01110001100000111111001000000100
00010011000110011101011001100110
00000001011001000000111101100100
00110110011000111000010111011100
00100010010110011100000011100101
00000110011101100010010100100011
00100100100010011010101010101011
01001001111110010000101000010110
01100010010000010101001011111101
01001011100001101001011101011110
01110111000010100101111010100110
01010010010001011101000110001100
00111100111101100011000000011000
01100010000100010001111000100000
01000111001100100000110011001010
00100100011001011100100110010111
01010110101100011011110110000110
01110101110011110000101001110000
00100100000010110010111000100010
01000101100110011010110011100011
01000100100111111010101000110100
01011010001100110001010011100110
01100100110010010111111100100000
00000000110110001111101010110011
00000011000100100111110101001111
01101011010111111110110110000000
00111101001101111110001110110000
00111000001001000011110100011101
00001011000001001000100111000000
01110010100101000010111011110100
01001101110001111011111001101111
00011011111110000101001111001100
01000010101100011011101101010010
00001111011000010110011001101100
00101110011011010100101110001111
01011011010100100001101001111010
00001111100001111010100100100010
00110100101010000110110001010100
01011011110010100000111000110001
00110101101110110110000101000010
00101100000010010010111101100100
01111000001001110110101100100001
01110101111000000100000001010100
01011110010001011101000001001100
00010010111111010111010000111010
00100010001000011010011111011010
01101100000011011001111101100011
01011110111011111101100110001001
01001101010111011000000010010110
00011010011000110000000100000000
00000011110111010101011011000110
00100001011101101010011111111110
00011100111011111100101110110011
00011101110010111100000111101011
01101010110011110101100111010010
00100010110101010010011001111001
00101011010000001001010010011001
01101101000110100111111100110101
01111101011111001111111001000110
01101100000110001010000111000000
00101000001101010101000011111101
00100100100111010101010011011000
00101111111101101111111000100110
01011101110001010110100100011001
01000100011001010001000010110010
01110011101000001001100001111011
00001111011111000110111100011100
00001010010011001001110100001011
01011101110110010001110111010111
01010111001011010000000111110111
01010100111000001101011111101111
01101001000101111001101100111111
01100000111010011001001101110100
01011100011110111110010011000100
00110110110011011011000010100010
00011011010000110000110100110000
01100010101001000111010100001100
00111011001011000110000101111001
01001011100000010010011010110111
01010111010001111011101001011000
01011000101110101000000011101111
01101011000010101110011111000010
00000000110001010000100000111100
01100110010000000000110101000010
01111000010111001110010101110110
00011100000010100100100111100001
00101010111111010011011011001111
01001011111100001111011111000100
01000110000110111001100101111010
00101011101110110010010001111010
00110001010101000001101000100001
01001111001110110010000011010110
00111110111100011011101100110010
01011100000110010010000000000001
00010011111001001100110010011101
00011011001010000000010100101100
00111010011111110001011101101000
01010011010101101010011100111000
01100000010101110111101001001001
01100011110001110010001001001001
01001010011100101010010010001111
01110100111111110111100010110010
00010000001100011011001100000111
00011000000110100101001100001000
01000010011110111010001100000011
00011001111110111011101111001101
00101111111100011000100101100011
01000010010101111000010001010000
00100000100000000001001111100000
00010111101110001010000010010001
00101111111010100100101010010000
01011101011110010110011110100000
00111010001101001111101000100111
00000001101010111111010110011111
00010111010110110111011001111011
01110011011101101010111001100111
01110010001011100110001001011000
00010000011000111000001110111100
01011100111100010000010011110110
00111010001001001111110101000111
01001100100000110110001000000101
00101001000111010101100001101000
01010111100110110001000101101001
01110010111000011101100010101000
00111100000011011011111111000101
01010110101101101001101010101110
01001001100101100001110010000110
01110001001100001111101110011101
00000000110000000011100011111000
00011111001000010110110010111110
01000010001101010011100001101001
01001100000111011001101001011111
00100101101011011011110001011011
01101000101001110111101010110011
00001001100000101110010101100100
01001011010110111100100000001100
01100100010010001001001100110001
00101000000011001110101101110000
01101011101010000111111000011100
01010110110011110101011011110111
00111011101101000101101000111000
01011001011100110111100000100000
01110110111010110110100010000011
01011011010111010100101100001100
01111100000000001101000001110001
00101101011111010111000000100100
01000111000000111110111000010000
01010111000100000000001111110000
00011100111000000010110000101001
00000000011101110010110111010101
00011111100111011100111000010110
01011001011001001000111111010010
01110100111100110010010010011001
01010110110111010001010111011000
00001001111100000000111010110101
01011010100111011101000110111010
01001011101011101101011110001001
00111100110001001100010000100011
01101000001110010011010011101001
01100000000111111110011101110010
00110110110000010100111101011101
01110011110000000100001000101110
00110000111101100001100010110001
00110010011001101111100011101010
00101010101000001110110111100111
00101101011001010001111110101010
01001001010100101010101000000111
01000101101101000001000101011101
00001000000000101101101100100110
00101001001000010010111101000100
01000000001010011001001010001001
00001111100010001010000000001001
01100010101100011000110001111011
01110111111001111100000001010101
01010101100010101000010001101010
00010100100110011110000000010001
01001010000000101111001011011100
01101111111001110000000101010001
00111101111010001100101010111111
01100101100000111101110011100011
00111111000010110001110001111010
00110110000111011100111101111101
01001100001110010100000111100101
01001001110110100001101111100001
00011001111011111101100010011110
01110001000001100111111010010110
00101111100110011100100101100011
01111011011111101100111110001100
01110111100111111111111111010110
00101100100011110100110100000111
01001100100101001010100100111111
00010101010111000110010011101111
01110000001110001001011000000010
01100000000110101111011000100010
00010111100010110110110001100111
01100010001011101011011011001111
01010100001011101110111001111001
00110110001110110010110100111111
01011001001011001010101100101110
01011101110110111101011001010000
01100100100010010101100101011010
00101000011001101001101011111000
00010100001111110100001110010110
00011010110010011110001001110100
01001010011100110101110110100111
00110110000100010010001110010101
01111011010100011110010000111110
00011101101010100100001000100010
01110010101010110010111001101111
01111000001100000011100010101101
01111000000000101010100010000100
01101000011001000111010011100111
00000000100111101100111000111011
01011010101010111100011111011000
00001111100110011010100110010111
00000010100111001011100000101101
01000010000110101101010100101111
00101111011010110111100110010001
00101011010111110000111010101010
00100100010000011000010110111111
00111010100011000000100110110111
00000011110000010000100011100111
01110001011100101011000100110011
01101000101100110000010101001001
00001001100011011001101100011011
01101110100001110010000011111111
00110000110101101100111111000000
00011100010101100100011101101110
01100101001011101001101001011111
00100000101111010111110101110100
01110101100111110011100101000000
00101110000100100110010111001001
00101010111010111111100000101000
01001010101010000101100111100100
00100011000111001110001111010001
01010110000110100010010001001001
00111101000001000001110001010000
00100001111110001101110000111011
00000011101010101100001111010011
01110011101010101000110011001001
01011011000111101001000010011011
01110101000111110110110111011100
00000100101111100000110001000110
01101011000100001101110000101000
00000111111110111000001110000010
00010001111111000010011001011100
01111000100110100111010010001101
00100010111110011111011101101001
00110011100001010011101100001101
00011011101000010001000011101101
00000101000001001110111010111100
00101101101011010011111110110110
00000010000001010100001101000000
01111000001110110100101011011101
01111100111100011100101100100000
00101100111111001000111111010101
00001001100011011000100001000000
00011000110100110010100011011010
00000011111101110000110111110010
00001001011101010000101000101101
01001011101001100100101100110110
00001110101111011101110000011011
00101101100011111010010110010000
00101001110101001111010111101000
01111111011100000110010001110000
00101011111000110110000010011110
01111010100100000011000111000110
00100100111010111100101011010110
00000110111110101001100110110110
01110000010001111010011010000110
00001111101101111010010110100111
00101110011110000100101101010110
01010111000100001010000100001001
01011011101010100111100011001100
00011001011100000011111111001110
01111011011010111011000000101100
00000001010011010010000010110110
00001111001011010000010110000001
01001011011001010011101000011100
01011110011011011101101011101000
00111001110011100110001101110111
00101011111010011010111001011011
00100101001011110010011010000100
00011110000000001111000001001000
00001100101111001110111101010101
01000000011011011111101101010101
00011010100000000000001100001101
00101001101110101001111100100011
01000100100110110010111101010010
01111011000111001100111010111111
00011111010110010010000100010111
01001010010101011000000110110011
01000111100100001110001111000110
00000100000100110010100111000100
01100010011000010111101011110110
00111011010010111010010001101010
01010101101000111001010011000101
00001011101100110100011101100011
00110100110110010001011110001001
00111011111010000011110111100011
00011011010101001000100101110010
00111111010100011111011111101011
00111011011111011000100001010100
00101000010111011101101111010100
01011110100010111011010110100000
01110111000101111111110001010110
01011110110101011011101011110111
01001100110100000010001110000110
01111010100000010100011011101000
01100000110111000100110011100011
01011001100010110001100011011000
01011011001110011110001000100110
01000001011100111000111010011101
00110101111000101111010111111110
01011011110100110101100101010101
01101101010101010110001111001100
01100111001100010110100110110011
01100100001110100110101011101100
00000111001110000100110001110001
01101010100111110001011101000101
01110110010111101011010011011010
00110100110010110011110011101001
01100000111000001111011111100111
00011001001100110111011110110100
01111000000110110000100001110110
00110111101101000001100000111100
01001001110101011011010100010001
00101100110100001110010001011111
01010110010011110011110000110100
00000010000111110111001100110001
00110111001010011000111100010001
00000011111110101101010011001000
00010111101001100001000010010111
00110011101110111000111011010010
01111001001010110100100011001111
01000011000010000001100100100001
00010101111100000000011111000111
01011000010000101100111100110110
00100001001110111000000101110101
01010010010001110110010010010101
01011011000010001100010111110111
00101110111111110000111101100001
00000011011101111001010001100010
01110100111100111001000100100001
00000000011011111101101110000000
00010001110101011101100001010001
00101011001001000011110111110001
01100100110101111101010000110001
00110010110100010111100111110100
01110011100111001110110111000000
01000011100001000100111100001110
00011001101111000110011000101010
00000110010100101001001000011001
01111010100011000111101000100111
01100100111100011111000001100001
00001101111001110100110011011111
00111110100001011100000001010000
01000100010110101010101110111011
00100111000110100010100111000111
00000100110000110010001101011000
01100110110001011011010110011101
01111111100101011010110110111001
01111000110100001100100111010110
01111110101100011000010111111100
00000001111101100001101110000101
01101111101100011000011111001010
00110101001000110010100101110011
01110111011001011111100101110110
00110110110110011111111001010000
00011111101010110011010111001100
00000110101101000100101001011001
00111110001000000101100111010011
00111010001010101100100001010111
01101110100100100110100111110110
01001011001011110011101000111111
00001110100100000101001110001011
00011001110110111000110001000011
01001000100101011000100011110001
00110101011000111111001000010101
00101100101010110101000110011001
00001101000010000101010101001010
01110110001111011100000101000011
00000001101010000000001110110101
00001110100001110110010000110010
00011010100000111100101111111011
00001011101101110011010101001000
01101111011011001010011100101100
00010001010010100000101001001111
01011001101011110110001101011001
01110101000100111100100000111110
00000110000001100001101001001110
01101101000000111111100111001001
01101111111101000100100001000100
01010110101101001111110000110001
00100010101101000100001011111100
01101110110010101111000101000100
01111111100000111010110110111110
00011011011110011000110101001000
01101010001101001000001101001100
00110011110011001100111100100111
01011101000011001110100110011001
00110010011101010111001101011101
00100000101010001000100111010110
01000110101010101101110110101010
00001010111011000001010101110011
01111110011010100000000010101110
01101001111110010101010111001010
00001011000001101110101011011001
00011110111110101000111110100100
00011110001000001111001000101101
00100001100110111000011011001000
01001110011011101011111000110111
01011010100101011010110110111100
01001001001000110101000000010111
01111111110000111110111101011111
00001111001010100001000100011111
01100110000101101001000111001011
01111000111101100110100101101010
00001111111001011000010111111101
00100010001001000111010101001010
01110011110100000000111010010010
01111000101000110100000001111010
01110100000010111000100110000000
00110111001110100010101000101001
00110011101101000010100001111011
00000111111110010110011111101100
01101010100110000000111001001001
00001001110100111111110101111010
01011010101101000100110001010000
01101101011011110111001101101001
01110110101100111110101011111111
01001101111100100111100001100101
01101100000100100001110100000101
01001100101001110111110111111111
00101101100010100101011001000010
01011001010001010001101010011111
01001101001000101001110001000011
00111000000111100011001010101100
01011111111100110000011111111100
00111101100110000001001011000000
00000011110110001101010001110011
01100101111110101001001110101011
00010110000101100001110000101101
01000011100110110111111111100100
01000101110111011110001101001110
00010011000101101110000010100101
00100000011010110100100110000101
00010000100111011101111001101010
01011111101101101111101101101010
01011010111101011010001111100010
01110110001100001000111110011101
00101000011110110000111001000010
01001011001100100001010110010001
00111110000101001011000110000111
00000110001000100101000111100000
00010001000010011100111011010111
00110111101110110110110001100101
01100110111010011010110100000000
01010110110110110110101110000111
01001110101001001100010011000010
01000010010000011010101100001011
01000101111110111111100111000111
00010011101110001110100111001111
01000011100000000010000100011111
01110110001111011100100011101100
00111011100101011000011001111111
01101001000011011001000000110010
01101010001101110001010111010010
01111010011110101010100001110110
01101010011010000111100111101111
01101001001000100001111100111000
00101110110011000010000011000000
00100000001111101001011011011000
01010111001111101001011111001000
01011010011110011101001010100001
01010100001010101000011110000101
00101000100100010110000010000111
00011010011001010100000110010100
01101101100010101110100001110000
00001110001111111011100101101111
01100101010010001000010100010110
00110001011010000011010011000100
00100100100111011001001110001011
00101011111001001010110011101110
01010101011001101111111111010011
01001101110001111101110000010000
00100010011010110110010101100110
00100011111110111111000011100011
01111010011100000010111101110000
00100101010101101011011011010100
00011101000010011110001011011110
01100001000001110101010101010110
01000101110010100000101110100010
01011010101011110101111110010000
01100000010101110000110101000010
01100010011111011111000101010001
01101100100100000101111101010011
00010010101100100001101110011000
01110101100100001000100001110110
01101011111101011100001101000110
01110011001010010110010010001001
01000011001100110011010111100111
00011110110101100111010111110100
01000000010011001111101011001110
00010000111000101111111011000101
00101001111101100011000110110111
00011100100001100010111001100011
01101011111100100001001110000000
00011010011000000111111001100111
00101100010111110010000110010101
01000110111000110101001110101011
01000111000000100100111001011101
00011010001100000011101111010011
00100101000011011011011110100010
01011101010000100011110010111000
01001100100110101011101101011110
01100101101001100001100110111101
00110010101100000100001100100000
00011110100011000110010101001110
00010000011100101110101101111010
01110110011101111111001000101111
01000110110101010010011110010110
00011000101101010101001100111000
01100101101111100100000010011011
01101101011000101010110011111010
01000110001001111110010111100101
01000100101001100110110010011101
01111110101111101001101111000010
00000101010011101101101000011110
01001110000001000101100101001000
00100101100001100100011100000101
01101000011000101001101010100111
00101000110110000001101111011100
01101101100100001100011100010101
00101000100001100011100011110010
01101000001011111100010111111111
01111000111010011100110011100110
00100110101111101111101111100111
01010011011001111010010010101100
00000101110110111111000110001001
01010001011110000000100001111111
00111001001100100100011010010101
00111011001111101111000010000000
01110101110011111110110111010100
00101011100100110110111101111110
00111111011000101110000011011111
00110111111010011011100101111010
01101100000010111011001001101111
00011010010110010001111001000111
01000011001100101101100011110000
00011100010000100000001111011110
00110111101100010001111101111100
00000001101101111101111111010001
01100000001000101001100011001101
01001111011011110111010010000110
00000010000011001111100011101100
01101011000100010011111011011011
00000111100001110010111001100011
01000101001111010001000100111111
00100000101111100011111010100010
01001000000110111010110001000111
00111001001101001010110000010011
00010110100001101100100001111000
00000000011101001101011011111110
01011000111000100000001110111001
00011100101010011000000001110010
01000010100001110111100100100010
01100010010100010101100101000101
01010100010110011111010101001100
01010100111100011001010100000000
00110010101000100101111100010010
00001001001000111100010111110110
00101010010010100100000101110000
01000011111011100111001101011011
01001001011101101000110101010010
00101111001011101001110011101011
00001110101101000100111010010110
01011011000110001101010111011111
01001010001011001010010000000000
00100011110000111000011000011110
01011011111111100101101010101110
01101101101100001011100010000101
00111000011010110100011111011000
01011011100010110101011111111111
00011100101001111100000101101111
00000011100101101010101111010110
01110111101100010110000110100101
01000100010101101111000001001001
01110001100001111010101111111101
00000010010101100110100000101000
00010010111110011000110110101100
00011000111010101110101001000010
00110010111101001111101010110101
00111110111100101100011010110101
00010101001110111100011111010011
01001010010001010001101110111100
01011010101011011110110101111001
00100010111011010010011010100011
01010011000001101111011010000111
01001101011011111110100100010011
01100001110011100110101000111110
01100111011100000101110000001000
00110011010101001011100011000110
00111111110010001011011011111100
00111011010111101100110100000111
01110111000001001000011000010011
01101010001110101000010101010001
00100111010011011001000111110011
00001111000011100001110001001111
00101111111011100100100110011100
00100001001001000010010110101010
00011111000000100111100101110101
01110001101001011000110101101010
00110000000000100110001011100111
01001101110000000110010011110110
01010111001110111011001101101100
00111011011110101101001100111011
01001101111010100111100010001100
00100111011101101001001100000010
01100111100101011110110011110011
01011011100100101110101101111111
00101001011000101111001001010011
00011010111101110111100001100110
00100000100010000001010101001101
00011101111000101111011100111010
00100101010001110101100100001110
01001001101001100100010110011111
00011111000010000010101101000110
01111011010000101110011101001011
01110100110001011101010111001101
00000010010010001001101010100110
01010101011011100110110111000100
01101100000000011011100000001011
01100010000000000100010011011101
00111100000110001010100101110100
00000010111010100101111101110010
01111011001000011001000000011111
00110010000000100011011010101001
00011001110000100100001110111111
01010101100011111010000011001111
00110100111011001001010000000101
01011100100000010101011010111011
00010000100000001011100001010111
00101001101100011001101101101011
01110000011101101011000011111111
00010100000101010110010010101000
01111101111110000111111110111101
01010011111101111011000000111101
01101011111010010110101111000011
00001001001111001111010001010111
00101100010011001110000100011110
00010110000100100010010011010011
00011011011010011011110111000000
00100100101101000001110111101111
00001100010110100001101011000000
01111001011111101001010101011000
01000000100000001101110001001100
01001001000110011001000100111111
01101001010101011111011100111111
01111001001011110010110111001011
01100100110100010110001110011000
00100000010111101100001100110010
01111010010001011001010011001101
01000000011101001010111100100001
01111001010101101010100011101110
01111000001001111000001011111100
00101011110110101000001011111101
00011101000101101001101111100010
00111100001101111001011011010001
01101111110011101001100001101011
01111100111111111010000100100000
00011100000001000101110010111001
00111001011001000111010101110000
00000011001110100011011000101001
01010100000100000111000001011111
01110111110100011000111110110011
00000110011011000010000111101001
00001110111101111111100001111100
01001000000001000111001100111010
00101101011011011110101111100110
01001111011110011100001100100101
00100100111011101000010100111011
00010010100110100111001111110000
01010010101010010010010001011001
00101100100011010110111110100110
00100011010010100001000001101010
00111110100000110100011101111011
01100001000111101010001101101101
00111010110011011011101000000111
00110010000100000100110111100111
01001111100101011110000101001101
01101101111100011010001100001111
00000110010001000011011110010000
01110010110100100000001101101110
00010011011011000000010110011000
01010111100101000100111010101111
01100111110110111000111101101001
01000000111001100110010100100101
01000011101111011010110011001001
00111001111100011011010011111101
01011110110101101100111010101011
00000111110011111111000110100011
01111011101011011101001101000100
01010010111111010101010100011100
00111101101101111001110001000100
01001100010010101010011001000110
00010100100100001010110101000110
00011011010011101010111101000111
01000000100011110111011100001111
01000111001110100010001111111110
00010101110000010110010101111111
01010100011111101010111101001111
00010101110100010100001111011011
01010001001111101010111011001001
00000000111001001011011110001000
00101111000110111111100001101110
00100101011111000111110110111100
01010010011101111100110100110011
00111001111011011011101011011110
00001011110010101110100000011001
00011110011111001000011110110110
00010011011110000110011010000100
01001011000101001000100001010111
01001100100111111100100010011110
00111000011101100100000110101111
01000101001000010110011110011011
01100000101000101011100110110100
00011001001101010010101100100100
00111111101001110001100011011011
00010001110001000100000110011110
00111110100111110101111101011000
01110010101000111001010101101010
00101110000101101010110000010000
01001110001111000100000011111001
01111111110010111101000001110001
00001000100110100001000010000111
01101000001001100101110010010101
01010110011101100000010000011000
00001101001111001111101100101111
01111100110101010111100111100100
00110001111111100001100101001100
01100100001000111100100110000101
00010000010010011101110110001001
00110100100110111000011110100100
01000110100101111011110111111001
01011011101011110111111000100100
00111111100101001011110000001111
00100000111010110010010111001111
01000101101011101010000000001001
00100010100001000010001000000100
00111011110010111011101000001010
00101101000010110010111011001111
00100101001101000001010000011011
01011011001011000000011100001100
00110000111001110000101011011000
01001010000101101010010111010100
00001011110001101000111011010100
01010110100101101000001011100111
00001111010011110111001000100101
00011101110101111001101101001101
00111111101111110110111111000111
01111100111111010000100101110010
00001010010010001011110011100100
00101111101100101110110111111110
01011000110011000110011111100000
01101010001011011101111000100010
00110110110110110010010101100100
00000001110111110010011110101101
01000111101011011011101001001111
00110001101110011000001101001101
00000001011000110101110110000010
01001101101101000010010111111001
00100100010001101001001011010010
00100101010001000011010101001000
01011101100110000000000000101101
00010011000000100111100010100011
01011011101011011110111010000100
01101001011001100111101001010000
01000110110001110100110001001011
01111110001000101001000010100001
00000000000101111101101101001101
01000110010010111000100101011100
01001110101001011011001010111000
01010000100101011000000110101000
01101010001111001111101000001101
00100011000001011110000011110111
00101100111000010111000111101000
01110100011000010001001000011110
00111111001110000100101100001010
01101011110100001011010101100000
00101101010001100000000111001010
01100010101110000101001110111011
01101001001100101100110110010010
00011000111111110101111000011101
01101111111011100001101110111011
01110000011100001101001011001101
01010110110101100001000101011111
00000000101001011010001110010011
00101110000110101110001001000011
01010000000001011001001101101001
00110010110100111110001011100100
00100101101001111001010011100100
01101111100100101001111011100101
01111110111101111100111111011111
00011111010101001100101100010001
01111111000110110111101011111000
01110111110010111111001100010111
00000111111011111100101010111000
01000111110110101110011110010100
01111111010101101101011100010101
00111101110111110000100010000111
00010110110100111000010000101110
00101101000100000010000111000110
01111101111100001111100010111000
00101111010000101100111010010100
01111110010100110100010110101010
00000000100010101011110100101001
00111111010010000010100011000101
00011110001010000000011001110111
01101100001001001011011010111100
01001101000011010100110011110110
01110011100101001100100010101010
00000010111111100010000110000001
00111001101010010110000100100000
01111010001001001111101000100101
00100000001011101010111101000001
01110000010010101110010010111001
00010110100000010110010000110100
00010100110000110000001110001011
01100001111100100100000100111110
01001101100110001011000001101000
00100011011110010101100010101000
00111100110111101110111100110110
01010111111110100101101111000111
01101110100100111101101000011011
00110000100111101101100000000001
00000001011101010111011000000011
01000010100100111010010000011110
00111100000000110011010111110100
00011010110100010111010110000111
00110101010100100111001011010010
01001010111011001100001111011000
01110011011101001000011011001000
01111010100101011110111000101110
00010011111011110101010101000010
00010011011101010000001001010101
01001111001111110101101110001111
01010111000001110110101011000110
00111000010000000010110100001011
00000001111110101000100110111011
00000011110011000111001101000011
00100111011110011110110000110110
00100101111101010101111111101011
00000001100010010110011111100011
00101000011011001100001111111010
01000100101001010001111111011111
00001111101111111100011001110001
01111010010110110011010110101001
01101001100111000001100011111110
00110101010001010110001111010010
00010101001001110111001110101001
00010001011100111001110111010010
00010001100101001100101101011100
01011101001101011000110010110100
00110111001100001110100101101000
01011100011010001001111000000001
00100000010011000101111001001100
00101100000011001111011110000111
00001111111111101111000101010001
01110010101100101111111101001110
01000100101001001001101100100101
00100100111001010011111010101001
01101000101001101100101001000010
00010100000100011001011011111110
00011000000110101101111011001000
01101100100010011101000100011111
01100000000000010010000010010001
01011100011001000101000100011011
00001001101111000111000101101000
00011001110010111011000010111001
01000011000010110001001101110010
00000110000001011101110000010000
01100111100111000011000001011101
00010001101110001001001000101101
00101000010101011111000000110010
01001000111000111101010011101011
00101110101101001100101100000111
00110111110101101100101011101000
01111000101100000011100010111101
01100011111101000101110101010010
01100111010011000011110100011000
00101001111001110101100001100010
00011111011010001010001010100100
00000100010110101001100010011000
00011010110001111100100010110011
00111101110011000100010000001100
00011000000000010000000010001111
00011000011011111010101000101010
00111111011100000110111110111001
01101100011111100001100000100101
00111001011111000000001110111000
01010110010011101110111001101001
01111111000001101010011111011111
00110010110111001100101001100110
00001111111010110100001000101011
00100001001010111001110001110111
00101000101010100001100111110111
00100101101010010110000100001100
01101101000110101011000001100001
00100101111010000001100001100110
01111100100000011101110110010001
01001110010100010011010000101011
00101010100000101100111010000000
01011110110111001100011011001000
00000111111101001011101111000100
01110011000111100001100111100010
00100001100111110011110101000011
01010011001010000000110111010110
00001111100111110000000011001000
00110011111111001000000001001001
01001110101110111100110001110011
01000111111001110000100110100000
01001101101001110000011100001111
00011100010111010010111010111011
00010100101101000100001011101111
00111001101001000110100101001111
00110010101111111011111000101111
01000100000111010010001100011100
01000110101111001111010111110110
00001001010100100011001101011110
00001100111100111011011010000101
01110001101101110001101111000100
00000001110011110110101100001101
00010000000111011010111100011100
01110000010111101101111101010011
01101010000000100010100000101000
00110111101000000100100110110000
01010010010100111101000110101111
01000011101010100000101000110010
01010001101010100100111010111110
01100100001001100001100001111010
01100010111011111001110101010000
01100110010011100001010001001010
00011101011010110110010101111110
00111110101011010010100000001000
01001101111101011100110001010011
01111101110101011011001101100010
01101001011011001100110101001010
00111111111110111000001101101111
01110101111011001111011011011111
00100011000100111000010010001100
01101101011111101010100011111110
01111100001101111011110010000101
01001011010010001000010011100011
00010011010111001000111100100101
01010101001010000100011001100100
00011011000101000010011010010000
01100001111111011111100100000110
00110000101100111001001110111010
01011001101100000100111010000000
01011100010011100001101011110011
00000000101111001101010111010001
01110001111000011000110001011111
00011001010101101001111110010111
00110000100111011111100101101101
01110101011001001100000110100110
00101111010010101110110101001101
00110000011101111111100010000111
01001110100100010111010100011011
00011010111100001111000001111111
00111011011011101100100001111111
